"","basal_removed_each","num_lost_each","num_remain_tot","num_removed_tot","num_lost_tot","prop_remain","prop_removed","name_lost","degree_type","nodes_susc","nontarget_lost_each","cum_nontarget_lost","Y","prop_target_removed"
"1",NA,0,135,0,0,1,0,"","given",132,0,0,1,0
"2","Netuma thalassina",1,134,1,1,0.992592592592593,0.00740740740740741,"Netuma thalassina","given",132,0,0,1,0.00740740740740741
"3","Xenentodon cancila",1,133,2,2,0.985185185185185,0.0148148148148148,"Xenentodon cancila","given",132,0,0,1,0.0148148148148148
"4","Heteropneustes fossilis",1,132,3,3,0.977777777777778,0.0222222222222222,"Heteropneustes fossilis","given",132,0,0,1,0.0222222222222222
"5","Badis badis",1,131,4,4,0.97037037037037,0.0296296296296296,"Badis badis","given",132,0,0,1,0.0296296296296296
"6","Naja naja",1,130,5,5,0.962962962962963,0.037037037037037,"Naja naja","given",132,0,0,1,0.037037037037037
"7","Felis chaus",1,129,6,6,0.955555555555556,0.0444444444444444,"Felis chaus","given",132,0,0,1,0.0444444444444444
"8","Prionailurus viverrinus",1,128,7,7,0.948148148148148,0.0518518518518519,"Prionailurus viverrinus","given",132,0,0,1,0.0518518518518519
"9","Vanellus malabaricus",1,127,8,8,0.940740740740741,0.0592592592592593,"Vanellus malabaricus","given",132,0,0,1,0.0592592592592593
"10","Numenius arquata",1,126,9,9,0.933333333333333,0.0666666666666667,"Numenius arquata","given",132,0,0,1,0.0666666666666667
"11","Chroicocephalus brunnicephalus",1,125,10,10,0.925925925925926,0.0740740740740741,"Chroicocephalus brunnicephalus","given",132,0,0,1,0.0740740740740741
"12","Sternula albifrons",1,124,11,11,0.918518518518519,0.0814814814814815,"Sternula albifrons","given",132,0,0,1,0.0814814814814815
"13","Chlidonias hybrida",1,123,12,12,0.911111111111111,0.0888888888888889,"Chlidonias hybrida","given",132,0,0,1,0.0888888888888889
"14","Sterna aurantia",1,122,13,13,0.903703703703704,0.0962962962962963,"Sterna aurantia","given",132,0,0,1,0.0962962962962963
"15","Threskiornis melanocephalus",1,121,14,14,0.896296296296296,0.103703703703704,"Threskiornis melanocephalus","given",132,0,0,1,0.103703703703704
"16","Haliaeetus leucogaster",1,120,15,15,0.888888888888889,0.111111111111111,"Haliaeetus leucogaster","given",132,0,0,1,0.111111111111111
"17","Spilornis cheela",1,119,16,16,0.881481481481482,0.118518518518519,"Spilornis cheela","given",132,0,0,1,0.118518518518519
"18","Circus aeruginosus",1,118,17,17,0.874074074074074,0.125925925925926,"Circus aeruginosus","given",132,0,0,1,0.125925925925926
"19","Alcedo atthis",1,117,18,18,0.866666666666667,0.133333333333333,"Alcedo atthis","given",132,0,0,1,0.133333333333333
"20","Varanus bengalensis",1,116,19,19,0.859259259259259,0.140740740740741,"Varanus bengalensis","given",132,0,0,1,0.140740740740741
"21","Channa striata",1,115,20,20,0.851851851851852,0.148148148148148,"Channa striata","given",132,0,0,1,0.148148148148148
"22","Minervarya agricola",1,114,21,21,0.844444444444444,0.155555555555556,"Minervarya agricola","given",132,0,0,1,0.155555555555556
"23","Macrognathus pancalus",1,113,22,22,0.837037037037037,0.162962962962963,"Macrognathus pancalus","given",132,0,0,1,0.162962962962963
"24","Mastacembelus armatus",1,112,23,23,0.82962962962963,0.17037037037037,"Mastacembelus armatus","given",132,0,0,1,0.17037037037037
"25","Trichogaster lalius",1,111,24,24,0.822222222222222,0.177777777777778,"Trichogaster lalius","given",132,0,0,1,0.177777777777778
"26","Trichogaster fasciata",1,110,25,25,0.814814814814815,0.185185185185185,"Trichogaster fasciata","given",132,0,0,1,0.185185185185185
"27","Lissemys punctata",1,109,26,26,0.807407407407407,0.192592592592593,"Lissemys punctata","given",132,0,0,1,0.192592592592593
"28","Parambassis baculis",1,108,27,27,0.8,0.2,"Parambassis baculis","given",132,0,0,1,0.2
"29","Aplocheilus panchax",1,107,28,28,0.792592592592593,0.207407407407407,"Aplocheilus panchax","given",132,0,0,1,0.207407407407407
"30","Hydrovatus confertus",1,106,29,29,0.785185185185185,0.214814814814815,"Hydrovatus confertus","given",132,0,0,1,0.214814814814815
"31","Microhyla mymensinghensis",1,105,30,30,0.777777777777778,0.222222222222222,"Microhyla mymensinghensis","given",132,0,0,1,0.222222222222222
"32","Enhydris enhydris",1,104,31,31,0.77037037037037,0.22962962962963,"Enhydris enhydris","given",132,0,0,1,0.22962962962963
"33","Fowlea piscator",1,103,32,32,0.762962962962963,0.237037037037037,"Fowlea piscator","given",132,0,0,1,0.237037037037037
"34","Carp sp.",1,102,33,33,0.755555555555556,0.244444444444444,"Carp sp.","given",132,0,0,1,0.244444444444444
"35","Coracias benghalensis",1,101,34,34,0.748148148148148,0.251851851851852,"Coracias benghalensis","given",132,0,0,1,0.251851851851852
"36","Arcella discoides",1,100,35,35,0.740740740740741,0.259259259259259,"Arcella discoides","given",132,0,0,1,0.259259259259259
"37","Centropyxis aculeata",1,99,36,36,0.733333333333333,0.266666666666667,"Centropyxis aculeata","given",132,0,0,1,0.266666666666667
"38","Brachionus calyciflorus",1,98,37,37,0.725925925925926,0.274074074074074,"Brachionus calyciflorus","given",132,0,0,1,0.274074074074074
"39","Brachionus forficula",1,97,38,38,0.718518518518519,0.281481481481481,"Brachionus forficula","given",132,0,0,1,0.281481481481481
"40","Keratella lenzi",1,96,39,39,0.711111111111111,0.288888888888889,"Keratella lenzi","given",132,0,0,1,0.288888888888889
"41","Lecane aculeata",1,95,40,40,0.703703703703704,0.296296296296296,"Lecane aculeata","given",132,0,0,1,0.296296296296296
"42","Lecane bulla",2,93,41,42,0.688888888888889,0.303703703703704,"Anisops campbelli;Lecane bulla","given",132,1,1,0.992424242424242,0.303703703703704
"43","Asplanchna brightwelli",1,92,42,43,0.681481481481481,0.311111111111111,"Asplanchna brightwelli","given",132,0,1,0.992424242424242,0.311111111111111
"44","Mesocyclops leukarti",1,91,43,44,0.674074074074074,0.318518518518519,"Mesocyclops leukarti","given",132,0,1,0.992424242424242,0.318518518518519
"45","Scapholeberis kingi",1,90,44,45,0.666666666666667,0.325925925925926,"Scapholeberis kingi","given",132,0,1,0.992424242424242,0.325925925925926
"46","Macrothrix spinosa",1,89,45,46,0.659259259259259,0.333333333333333,"Macrothrix spinosa","given",132,0,1,0.992424242424242,0.333333333333333
"47","Macrothrix goeldi",1,88,46,47,0.651851851851852,0.340740740740741,"Macrothrix goeldi","given",132,0,1,0.992424242424242,0.340740740740741
"48","Alona pulchella",1,87,47,48,0.644444444444444,0.348148148148148,"Alona pulchella","given",132,0,1,0.992424242424242,0.348148148148148
"49","Coronatella rectangula",3,84,48,51,0.622222222222222,0.355555555555556,"Mystus tengara;Macrobrachium rude;Coronatella rectangula","given",132,2,3,0.977272727272727,0.355555555555556
"50","Tadorna ferruginea",1,83,49,52,0.614814814814815,0.362962962962963,"Tadorna ferruginea","given",132,0,3,0.977272727272727,0.362962962962963
"51","Spatula querquedula",1,82,50,53,0.607407407407407,0.37037037037037,"Spatula querquedula","given",132,0,3,0.977272727272727,0.37037037037037
"52","Anas acuta",1,81,51,54,0.6,0.377777777777778,"Anas acuta","given",132,0,3,0.977272727272727,0.377777777777778
"53","Tachybaptus ruficollis",1,80,52,55,0.592592592592593,0.385185185185185,"Tachybaptus ruficollis","given",132,0,3,0.977272727272727,0.385185185185185
"54","Centropus bengalensis",1,79,53,56,0.585185185185185,0.392592592592593,"Centropus bengalensis","given",132,0,3,0.977272727272727,0.392592592592593
"55","Gallinula chloropus",1,78,54,57,0.577777777777778,0.4,"Gallinula chloropus","given",132,0,3,0.977272727272727,0.4
"56","Fulica atra",1,77,55,58,0.57037037037037,0.407407407407407,"Fulica atra","given",132,0,3,0.977272727272727,0.407407407407407
"57","Porphyrio poliocephalus",1,76,56,59,0.562962962962963,0.414814814814815,"Porphyrio poliocephalus","given",132,0,3,0.977272727272727,0.414814814814815
"58","Amaurornis phoenicurus",1,75,57,60,0.555555555555556,0.422222222222222,"Amaurornis phoenicurus","given",132,0,3,0.977272727272727,0.422222222222222
"59","Pluvialis fulva",1,74,58,61,0.548148148148148,0.42962962962963,"Pluvialis fulva","given",132,0,3,0.977272727272727,0.42962962962963
"60","Charadrius dubius",1,73,59,62,0.540740740740741,0.437037037037037,"Charadrius dubius","given",132,0,3,0.977272727272727,0.437037037037037
"61","Vanellus indicus",1,72,60,63,0.533333333333333,0.444444444444444,"Vanellus indicus","given",132,0,3,0.977272727272727,0.444444444444444
"62","Hydrophasianus chirurgus",1,71,61,64,0.525925925925926,0.451851851851852,"Hydrophasianus chirurgus","given",132,0,3,0.977272727272727,0.451851851851852
"63","Xenus cinereus",1,70,62,65,0.518518518518518,0.459259259259259,"Xenus cinereus","given",132,0,3,0.977272727272727,0.459259259259259
"64","Tringa ochropus",1,69,63,66,0.511111111111111,0.466666666666667,"Tringa ochropus","given",132,0,3,0.977272727272727,0.466666666666667
"65","Tringa nebularia",1,68,64,67,0.503703703703704,0.474074074074074,"Tringa nebularia","given",132,0,3,0.977272727272727,0.474074074074074
"66","Tringa stagnatilis",1,67,65,68,0.496296296296296,0.481481481481481,"Tringa stagnatilis","given",132,0,3,0.977272727272727,0.481481481481481
"67","Tringa glareola",1,66,66,69,0.488888888888889,0.488888888888889,"Tringa glareola","given",132,0,3,0.977272727272727,0.488888888888889
"68","Tringa tetanus",1,65,67,70,0.481481481481481,0.496296296296296,"Tringa tetanus","given",132,0,3,0.977272727272727,0.496296296296296
"69","Mycteria leucocephala",1,64,68,71,0.474074074074074,0.503703703703704,"Mycteria leucocephala","given",132,0,3,0.977272727272727,0.503703703703704
"70","Anhinga melanogaster",1,63,69,72,0.466666666666667,0.511111111111111,"Anhinga melanogaster","given",132,0,3,0.977272727272727,0.511111111111111
"71","Phalacrocorax fuscicollis",1,62,70,73,0.459259259259259,0.518518518518518,"Phalacrocorax fuscicollis","given",132,0,3,0.977272727272727,0.518518518518518
"72","Ardea cinerea",1,61,71,74,0.451851851851852,0.525925925925926,"Ardea cinerea","given",132,0,3,0.977272727272727,0.525925925925926
"73","Ardea purpurea",1,60,72,75,0.444444444444444,0.533333333333333,"Ardea purpurea","given",132,0,3,0.977272727272727,0.533333333333333
"74","Ardea alba",1,59,73,76,0.437037037037037,0.540740740740741,"Ardea alba","given",132,0,3,0.977272727272727,0.540740740740741
"75","Nycticorax nycticorax",1,58,74,77,0.42962962962963,0.548148148148148,"Nycticorax nycticorax","given",132,0,3,0.977272727272727,0.548148148148148
"76","Plegadis falcinellus",1,57,75,78,0.422222222222222,0.555555555555556,"Plegadis falcinellus","given",132,0,3,0.977272727272727,0.555555555555556
"77","Ceryle rudis",1,56,76,79,0.414814814814815,0.562962962962963,"Ceryle rudis","given",132,0,3,0.977272727272727,0.562962962962963
"78","Merops philippinus",1,55,77,80,0.407407407407407,0.57037037037037,"Merops philippinus","given",132,0,3,0.977272727272727,0.57037037037037
"79","Oriolus kundoo",1,54,78,81,0.4,0.577777777777778,"Oriolus kundoo","given",132,0,3,0.977272727272727,0.577777777777778
"80","Oriolus xanthornus",1,53,79,82,0.392592592592593,0.585185185185185,"Oriolus xanthornus","given",132,0,3,0.977272727272727,0.585185185185185
"81","Dicrurus caerulescens",1,52,80,83,0.385185185185185,0.592592592592593,"Dicrurus caerulescens","given",132,0,3,0.977272727272727,0.592592592592593
"82","Acridotheres ginginianus",1,51,81,84,0.377777777777778,0.6,"Acridotheres ginginianus","given",132,0,3,0.977272727272727,0.6
"83","Motacilla citreola",1,50,82,85,0.37037037037037,0.607407407407407,"Motacilla citreola","given",132,0,3,0.977272727272727,0.607407407407407
"84","Motacilla tschutschensis",1,49,83,86,0.362962962962963,0.614814814814815,"Motacilla tschutschensis","given",132,0,3,0.977272727272727,0.614814814814815
"85","Motacilla alba",1,48,84,87,0.355555555555556,0.622222222222222,"Motacilla alba","given",132,0,3,0.977272727272727,0.622222222222222
"86","Channa punctata",1,47,85,88,0.348148148148148,0.62962962962963,"Channa punctata","given",132,0,3,0.977272727272727,0.62962962962963
"87","Mystus vittatus",1,46,86,89,0.340740740740741,0.637037037037037,"Mystus vittatus","given",132,0,3,0.977272727272727,0.637037037037037
"88","Glossogobius giuris",1,45,87,90,0.333333333333333,0.644444444444444,"Glossogobius giuris","given",132,0,3,0.977272727272727,0.644444444444444
"89","Oreochromis niloticus",1,44,88,91,0.325925925925926,0.651851851851852,"Oreochromis niloticus","given",132,0,3,0.977272727272727,0.651851851851852
"90","Duttaphrynus melanostictus",1,43,89,92,0.318518518518519,0.659259259259259,"Duttaphrynus melanostictus","given",132,0,3,0.977272727272727,0.659259259259259
"91","Hoplobatrachus tigerinus",1,42,90,93,0.311111111111111,0.666666666666667,"Hoplobatrachus tigerinus","given",132,0,3,0.977272727272727,0.666666666666667
"92","Channa gachua",1,41,91,94,0.303703703703704,0.674074074074074,"Channa gachua","given",132,0,3,0.977272727272727,0.674074074074074
"93","Notopterus notopterus",1,40,92,95,0.296296296296296,0.681481481481481,"Notopterus notopterus","given",132,0,3,0.977272727272727,0.681481481481481
"94","Diplonychus annulatus",1,39,93,96,0.288888888888889,0.688888888888889,"Diplonychus annulatus","given",132,0,3,0.977272727272727,0.688888888888889
"95","Diplonychus rusticus",1,38,94,97,0.281481481481481,0.696296296296296,"Diplonychus rusticus","given",132,0,3,0.977272727272727,0.696296296296296
"96","Aquarius adelaides",1,37,95,98,0.274074074074074,0.703703703703704,"Aquarius adelaides","given",132,0,3,0.977272727272727,0.703703703703704
"97","Limnogonus fossarum",1,36,96,99,0.266666666666667,0.711111111111111,"Limnogonus fossarum","given",132,0,3,0.977272727272727,0.711111111111111
"98","Laccotrephes griseus",1,35,97,100,0.259259259259259,0.718518518518519,"Laccotrephes griseus","given",132,0,3,0.977272727272727,0.718518518518519
"99","Laccotrephes ruber",1,34,98,101,0.251851851851852,0.725925925925926,"Laccotrephes ruber","given",132,0,3,0.977272727272727,0.725925925925926
"100","Ranatra elongata",1,33,99,102,0.244444444444444,0.733333333333333,"Ranatra elongata","given",132,0,3,0.977272727272727,0.733333333333333
"101","Ranatra filiformis",1,32,100,103,0.237037037037037,0.740740740740741,"Ranatra filiformis","given",132,0,3,0.977272727272727,0.740740740740741
"102","Ranatra varipes",5,27,101,108,0.2,0.748148148148148,"Ranatra varipes;Euphlyctis cyanophlyctis;Polypedates maculatus;Himantopus himantopus;Hirundo rustica","given",132,4,7,0.946969696969697,0.748148148148148
"103","Big fish juveniles",1,26,102,109,0.192592592592593,0.755555555555556,"Big fish juveniles","given",132,0,7,0.946969696969697,0.755555555555556
"104","Puntius vittatus",1,25,103,110,0.185185185185185,0.762962962962963,"Puntius vittatus","given",132,0,7,0.946969696969697,0.762962962962963
"105","Rasbora daniconius",1,24,104,111,0.177777777777778,0.77037037037037,"Rasbora daniconius","given",132,0,7,0.946969696969697,0.77037037037037
"106","Pethia phutunio",3,21,105,114,0.155555555555556,0.777777777777778,"Pethia phutunio;Ardea intermedia;Bubulcus ibis","given",132,2,9,0.931818181818182,0.777777777777778
"107","Herbaceous aquatic plants",4,17,106,118,0.125925925925926,0.785185185185185,"Herbaceous aquatic plants;Dendrocygna javanica;Anas poecilorhyncha;Metopidius indicus","given",132,3,12,0.909090909090909,0.785185185185185
"108","Green Algae",3,14,107,121,0.103703703703704,0.792592592592593,"Green Algae;Macrobrachium equidens;Netta rufina","given",132,2,14,0.893939393939394,0.792592592592593
"109","Macrobrachium malcolmsonii",1,13,108,122,0.0962962962962963,0.8,"Macrobrachium malcolmsonii","given",132,0,14,0.893939393939394,0.8
"110","Macrobrachium rosenbergii",4,9,109,126,0.0666666666666667,0.807407407407407,"Macrobrachium rosenbergii;Nettapus coromandelianus;Calidris minuta;Egretta garzetta","given",132,3,17,0.871212121212121,0.807407407407407
"111","Tadploes",7,2,110,133,0.0148148148148148,0.814814814814815,"Tadploes;Odonata sp.;Anastomus oscitans;Microcarbo niger;Ardeola grayii;Halcyon smyrnensis;Merops orientalis","given",132,6,23,0.825757575757576,0.814814814814815
"112","Detritus",2,0,111,135,0,0.822222222222222,"Detritus;Mosquito larvae","given",132,1,24,0.818181818181818,0.822222222222222
